2015,065660
2015,065660
2015,065660
2015,066410
2015,066410
2015,066410
2015,130960
2015,130960
2015,130960
2015,130960
2016,130960
2016,130960
2016,130960
2016,130960
2017,130960
2017,130960
2017,130960
2017,130960
2018,130960
2018,130960
2018,130960
2018,130960
2019,130960
2019,130960
2019,130960
2019,130960
2015,034010
2015,034010
2015,034010
2015,034010
2016,034010
2016,034010
2016,034010
2016,034010
2017,034010
2017,034010
2017,034010
2017,034010
2018,034010
2018,034010
2018,034010
2018,034010
2019,034010
2019,034010
2019,034010
2019,034010
2015,048270
2015,048270
2015,048270
2015,048270
2016,048270
2016,048270
2016,048270
2016,048270
2017,048270
2017,048270
2017,048270
2017,048270
2018,048270
2018,048270
2018,048270
2018,048270
2019,048270
2019,048270
2019,048270
2019,048270
2015,067130
2015,067130
2015,067130
2015,067130
2016,067130
2016,067130
2016,067130
2016,067130
2017,067130
2017,067130
2017,067130
2017,067130
2018,067130
2018,067130
2018,067130
2018,067130
2019,067130
2019,067130
2019,067130
2019,067130
2015,094700
2015,094700
2015,094700
2015,094700
2016,094700
2016,094700
2016,094700
2016,094700
2017,094700
2017,094700
2017,094700
2017,094700
2018,094700
2018,094700
2018,094700
2018,094700
2019,094700
2019,094700
2019,094700
2019,094700
2015,033850
2015,033850
2015,033850
2015,033850
2016,033850
2016,033850
2016,033850
2016,033850
2017,033850
2017,033850
2017,033850
2017,033850
2018,033850
2018,033850
2018,033850
2018,033850
2019,033850
2019,033850
2019,033850
2019,033850
2015,003050
2015,003050
2015,003050
2015,003050
2016,003050
2016,003050
2016,003050
2016,003050
2017,003050
2017,003050
2017,003050
2017,003050
2018,003050
2018,003050
2018,003050
2018,003050
2019,003050
2019,003050
2019,003050
2019,003050
2015,031950
2015,031950
2015,031950
2015,031950
2016,031950
2016,031950
2016,031950
2016,031950
2017,031950
2017,031950
2017,031950
2017,031950
2018,031950
2018,031950
2018,031950
2018,031950
2019,031950
2019,031950
2019,031950
2019,031950
2015,114570
2015,114570
2015,114570
2015,016160
2015,016160
2015,016160
2015,016160
2016,016160
2016,016160
2016,016160
2016,016160
2017,016160
2017,016160
2017,016160
2017,016160
2018,016160
2018,016160
2018,016160
2018,016160
2019,016160
2019,016160
2019,016160
2019,016160
2015,054020
2015,054020
2015,054020
2015,054020
2016,054020
2016,054020
2016,054020
2016,054020
2017,054020
2017,054020
2017,054020
2017,054020
2018,054020
2018,054020
2018,054020
2018,054020
2019,054020
2019,054020
2019,054020
2019,054020
2015,006440
2015,006440
2015,006440
2015,006440
2016,006440
2016,006440
2016,006440
2016,006440
2017,006440
2017,006440
2017,006440
2017,006440
2018,006440
2018,006440
2018,006440
2018,006440
2019,006440
2019,006440
2019,006440
2019,006440
2015,010420
2015,010420
2015,010420
2015,021740
2015,021740
2015,021740
2015,021740
2016,021740
2016,021740
2016,021740
2016,021740
2017,021740
2017,021740
2017,021740
2017,021740
2018,021740
2018,021740
2018,021740
2018,021740
2019,021740
2019,021740
2019,021740
2019,021740
2015,095300
2015,095300
2015,095300
2015,095300
2016,095300
2016,095300
2016,095300
2016,095300
2017,095300
2017,095300
2017,095300
2017,095300
2018,095300
2018,095300
2018,095300
2018,095300
2019,095300
2019,095300
2019,095300
2019,095300
2015,138930
2015,138930
2015,138930
2015,138930
2016,138930
2016,138930
2016,138930
2016,138930
2017,138930
2017,138930
2017,138930
2017,138930
2018,138930
2018,138930
2018,138930
2018,138930
2019,138930
2019,138930
2019,138930
2019,138930
2015,060410
2015,060410
2015,060410
2015,060410
2016,060410
2016,060410
2016,060410
2016,060410
2017,060410
2017,060410
2017,060410
2017,060410
2018,060410
2018,060410
2018,060410
2018,060410
2019,060410
2019,060410
2019,060410
2019,060410
2015,043630
2015,043630
2015,043630
2015,043630
2016,043630
2016,043630
2016,043630
2016,043630
2017,043630
2017,043630
2017,043630
2017,043630
2018,043630
2018,043630
2018,043630
2018,043630
2019,043630
2019,043630
2019,043630
2019,043630
2015,045400
2015,045400
2015,045400
2015,045400
2016,045400
2016,045400
2016,045400
2016,045400
2017,045400
2017,045400
2017,045400
2017,045400
2018,045400
2018,045400
2018,045400
2018,045400
2019,045400
2019,045400
2019,045400
2019,045400
2015,037020
2015,037020
2015,037020
2015,037020
2016,037020
2016,037020
2016,037020
2016,037020
2017,037020
2017,037020
2017,037020
2017,037020
2018,037020
2018,037020
2018,037020
2018,037020
2019,037020
2019,037020
2019,037020
2019,037020
2015,033720
2015,033720
2015,033720
2015,033720
2016,033720
2016,033720
2016,033720
2016,033720
2017,033720
2017,033720
2017,033720
2017,033720
2018,033720
2018,033720
2018,033720
2018,033720
2019,033720
2019,033720
2019,033720
2019,033720
2015,040780
2015,040780
2015,040780
2015,040780
2016,040780
2016,040780
2016,040780
2016,040780
2017,040780
2017,040780
2017,040780
2017,040780
2018,040780
2018,040780
2018,040780
2018,040780
2019,040780
2019,040780
2019,040780
2019,040780
2019,180400
2015,001840
2015,001840
2015,001840
2015,010660
2015,010660
2015,010660
2015,070590
2015,070590
2015,070590
2015,019430
2015,019430
2015,019430
2015,019430
2016,019430
2016,019430
2016,019430
2016,019430
2017,019430
2017,019430
2017,019430
2017,019430
2018,019430
2018,019430
2018,019430
2018,019430
2019,019430
2019,019430
2019,019430
2019,019430
2015,000810
2015,000810
2015,000810
2015,000810
2016,000810
2016,000810
2016,000810
2016,000810
2017,000810
2017,000810
2017,000810
2017,000810
2018,000810
2018,000810
2018,000810
2018,000810
2019,000810
2019,000810
2019,000810
2019,000810
2015,016560
2015,016560
2015,016560
2015,016560
2016,016560
2016,016560
2016,016560
2016,016560
2017,016560
2017,016560
2017,016560
2017,016560
2018,016560
2018,016560
2018,016560
2018,016560
2019,016560
2019,016560
2019,016560
2019,016560
2015,062970
2015,062970
2015,062970
2015,062970
2016,062970
2016,062970
2016,062970
2016,062970
2017,062970
2017,062970
2017,062970
2017,062970
2018,062970
2018,062970
2018,062970
2018,062970
2019,062970
2019,062970
2019,062970
2015,039060
2015,039060
2015,039060
2015,039060
2016,039060
2016,039060
2016,039060
2016,039060
2017,039060
2017,039060
2017,039060
2017,039060
2018,039060
2018,039060
2018,039060
2018,039060
2019,039060
2019,039060
2019,039060
2019,039060
2015,047940
2015,047940
2015,047940
2015,047940
2016,047940
2016,047940
2016,047940
2016,047940
2017,047940
2017,047940
2017,047940
2017,047940
2018,047940
2018,047940
2018,047940
2018,047940
2019,047940
2019,047940
2019,047940
2019,047940
2015,038830
2015,038830
2015,038830
2015,038830
2016,038830
2016,038830
2016,038830
2016,038830
2017,038830
2017,038830
2017,038830
2017,038830
2018,038830
2018,038830
2018,038830
2018,038830
2019,038830
2019,038830
2019,038830
2019,038830
2015,007330
2015,007330
2015,007330
2015,007330
2016,007330
2016,007330
2016,007330
2016,007330
2017,007330
2017,007330
2017,007330
2017,007330
2018,007330
2018,007330
2018,007330
2018,007330
2019,007330
2019,007330
2019,007330
2019,007330
2015,046840
2015,046840
2015,046840
2015,046840
2016,046840
2016,046840
2016,046840
2016,046840
2017,046840
2017,046840
2017,046840
2017,046840
2018,046840
2018,046840
2018,046840
2018,046840
2019,046840
2019,046840
2019,046840
2019,046840
2015,051170
2015,051170
2015,051170
2015,051170
2016,051170
2016,051170
2016,051170
2016,051170
2017,051170
2017,051170
2017,051170
2017,051170
2018,051170
2018,051170
2018,051170
2018,051170
2019,051170
2019,051170
2019,051170
2019,051170
2015,036280
2015,036280
2015,036280
2015,036280
2016,036280
2016,036280
2016,036280
2016,036280
2017,036280
2017,036280
2017,036280
2017,036280
2018,036280
2018,036280
2018,036280
2018,036280
2019,036280
2019,036280
2019,036280
2019,036280
2015,001670
2015,001670
2015,001670
2015,001670
2016,001670
2016,001670
2016,001670
2016,001670
2017,001670
2017,001670
2017,001670
2017,001670
2018,001670
2018,001670
2018,001670
2018,001670
2019,001670
2019,001670
2019,001670
2019,001670
2015,012260
2015,012260
2015,012260
2015,012260
2016,012260
2016,012260
2016,012260
2016,012260
2017,012260
2017,012260
2017,012260
2017,012260
2018,012260
2018,012260
2018,012260
2018,012260
2019,012260
2019,012260
2019,012260
2019,012260
2015,071050
2015,071050
2015,071050
2015,071050
2016,071050
2016,071050
2016,071050
2016,071050
2017,071050
2017,071050
2017,071050
2017,071050
2018,071050
2018,071050
2018,071050
2018,071050
2019,071050
2019,071050
2019,071050
2019,071050
2015,001190
2015,001190
2015,001190
2015,001190
2016,001190
2016,001190
2016,001190
2016,001190
2017,001190
2017,001190
2017,001190
2017,001190
2018,001190
2018,001190
2018,001190
2018,001190
2019,001190
2019,001190
2019,001190
2019,001190
2015,066410
2015,066410
2015,066410
2015,055810
2015,055810
2015,055810
2015,055810
2016,055810
2016,055810
2016,055810
2016,055810
2017,055810
2017,055810
2017,055810
2017,055810
2018,055810
2018,055810
2018,055810
2018,055810
2019,055810
2019,055810
2019,055810
2019,055810
2015,070590
2015,070590
2015,070590
2015,035480
2015,035480
2015,035480
2015,035480
2016,035480
2016,035480
2016,035480
2016,035480
2017,035480
2017,035480
2017,035480
2017,035480
2018,035480
2018,035480
2018,035480
2018,035480
2019,035480
2019,035480
2019,035480
2019,035480
2015,032610
2015,032610
2015,032610
2015,032610
2016,032610
2016,032610
2016,032610
2016,032610
2017,032610
2017,032610
2017,032610
2017,032610
2018,032610
2018,032610
2018,032610
2018,032610
2019,032610
2019,032610
2019,032610
2019,032610
2015,016560
2015,016560
2015,016560
2015,016560
2016,016560
2016,016560
2016,016560
2016,016560
2017,016560
2017,016560
2017,016560
2017,016560
2018,016560
2018,016560
2018,016560
2018,016560
2019,016560
2019,016560
2019,016560
2019,016560
2015,043690
2015,043690
2015,043690
2015,043690
2016,043690
2016,043690
2016,043690
2016,043690
2017,043690
2017,043690
2017,043690
2017,043690
2018,043690
2018,043690
2018,043690
2018,043690
2019,043690
2019,043690
2019,043690
2019,043690
2015,275630
2015,275630
2015,275630
2015,275630
2016,275630
2016,275630
2016,275630
2016,275630
2017,275630
2017,275630
2017,275630
2017,275630
2018,275630
2018,275630
2015,057330
2015,057330
2015,057330
2015,057330
2016,057330
2016,057330
2016,057330
2016,057330
2017,057330
2017,057330
2017,057330
2017,057330
2018,057330
2018,057330
2018,057330
2018,057330
2019,057330
2019,057330
2019,057330
2019,057330
2015,042820
2015,042820
2015,042820
2015,042820
2016,042820
2016,042820
2016,042820
2016,042820
2017,042820
2017,042820
2017,042820
2017,042820
2018,042820
2018,042820
2018,042820
2018,042820
2019,042820
2019,042820
2019,042820
2019,042820
2015,032030
2015,032030
2015,032030
2015,032030
2016,032030
2016,032030
2016,032030
2016,032030
2017,032030
2017,032030
2017,032030
2017,032030
2018,032030
2018,032030
2018,032030
2018,032030
2019,032030
2019,032030
2019,032030
2019,032030
2015,037830
2015,037830
2015,037830
2015,037830
2016,037830
2016,037830
2016,037830
2016,037830
2017,037830
2017,037830
2017,037830
2017,037830
2018,037830
2018,037830
2018,037830
2018,037830
2019,037830
2019,037830
2019,037830
2019,037830
2015,001150
2015,001150
2015,001150
2015,001150
2016,001150
2016,001150
2016,001150
2016,001150
2017,001150
2017,001150
2017,001150
2017,001150
2018,001150
2018,001150
2018,001150
2018,001150
2019,001150
2019,001150
2019,001150
2019,001150
2015,002610
2015,002610
2015,002610
2015,002610
2016,002610
2016,002610
2016,002610
2016,002610
2017,002610
2017,002610
2017,002610
2017,002610
2018,002610
2018,002610
2018,002610
2018,002610
2019,002610
2019,002610
2019,002610
2019,002610
2015,200470
2015,200470
2015,200470
2015,018020
2015,018020
2015,018020
2015,018020
2016,018020
2016,018020
2016,018020
2016,018020
2017,018020
2017,018020
2017,018020
2017,018020
2018,018020
2018,018020
2018,018020
2018,018020
2019,018020
2019,018020
2019,018020
2019,018020
2015,080570
2015,080570
2015,080570
2015,080570
2016,080570
2016,080570
2016,080570
2016,080570
2017,080570
2017,080570
2017,080570
2017,080570
2018,080570
2018,080570
2018,080570
2018,080570
2019,080570
2019,080570
2019,080570
2019,080570
2015,058680
2015,058680
2015,058680
2015,058680
2016,058680
2016,058680
2016,058680
2016,058680
2017,058680
2017,058680
2017,058680
2017,058680
2018,058680
2018,058680
2018,058680
2018,058680
2019,058680
2019,058680
2019,058680
2019,058680
2015,018890
2015,018890
2015,018890
2015,018890
2016,018890
2016,018890
2016,018890
2016,018890
2017,018890
2017,018890
2017,018890
2017,018890
2018,018890
2018,018890
2018,018890
2018,018890
2019,018890
2019,018890
2019,018890
2019,018890
2015,008670
2015,008670
2015,008670
2015,008670
2016,008670
2016,008670
2016,008670
2016,008670
2017,008670
2017,008670
2017,008670
2017,008670
2018,008670
2018,008670
2018,008670
2018,008670
2019,008670
2019,008670
2019,008670
2019,008670
2015,092190
2015,092190
2015,092190
2015,092190
2016,092190
2016,092190
2016,092190
2016,092190
2017,092190
2017,092190
2017,092190
2017,092190
2018,092190
2018,092190
2018,092190
2018,092190
2019,092190
2019,092190
2019,092190
2019,092190
2015,042870
2015,042870
2015,042870
2015,042870
2016,042870
2016,042870
2016,042870
2016,042870
2017,042870
2017,042870
2017,042870
2017,042870
2018,042870
2018,042870
2018,042870
2018,042870
2019,042870
2019,042870
2019,042870
2019,042870
2015,045760
2015,045760
2015,045760
2015,045760
2016,045760
2016,045760
2016,045760
2016,045760
2017,045760
2017,045760
2017,045760
2017,045760
2018,045760
2018,045760
2018,045760
2018,045760
2019,045760
2019,045760
2019,045760
2019,045760
2015,058860
2015,058860
2015,058860
2015,005830
2015,005830
2015,005830
2015,005830
2016,005830
2016,005830
2016,005830
2016,005830
2017,005830
2017,005830
2017,005830
2017,005830
2018,005830
2018,005830
2018,005830
2018,005830
2019,005830
2019,005830
2019,005830
2019,005830
2015,040740
2015,040740
2015,040740
2015,040740
2016,040740
2016,040740
2016,040740
2016,040740
2017,040740
2017,040740
2017,040740
2017,040740
2018,040740
2018,040740
2018,040740
2018,040740
2019,040740
2019,040740
2019,040740
2019,040740
2019,086250
2015,046840
2015,046840
2015,046840
2015,046840
2016,046840
2016,046840
2016,046840
2016,046840
2017,046840
2017,046840
2017,046840
2017,046840
2018,046840
2018,046840
2018,046840
2018,046840
2019,046840
2019,046840
2019,046840
2019,046840
2015,004510
2015,004510
2015,004510
2015,004510
2016,004510
2016,004510
2016,004510
2016,004510
2017,004510
2017,004510
2017,004510
2017,004510
2018,004510
2018,004510
2018,004510
2018,004510
2019,004510
2019,004510
2019,004510
2019,004510
2015,052690
2015,052690
2015,052690
2015,066130
2015,066130
2015,066130
2015,026970
2015,026970
2015,026970
2015,026970
2016,026970
2016,026970
2016,026970
2016,026970
2017,026970
2017,026970
2017,026970
2017,026970
2018,026970
2018,026970
2018,026970
2018,026970
2019,026970
2019,026970
2019,026970
2019,026970
2015,003050
2015,003050
2015,003050
2015,003050
2016,003050
2016,003050
2016,003050
2016,003050
2017,003050
2017,003050
2017,003050
2017,003050
2018,003050
2018,003050
2018,003050
2018,003050
2019,003050
2019,003050
2019,003050
2019,003050
2015,036820
2015,036820
2015,036820
2015,036820
2016,036820
2016,036820
2016,036820
2016,036820
2017,036820
2017,036820
2017,036820
2017,036820
2018,036820
2018,036820
2018,036820
2018,036820
2019,036820
2019,036820
2019,036820
2019,036820
2015,012580
2015,012580
2015,012580
2015,012580
2016,012580
2016,012580
2016,012580
2016,012580
2017,012580
2017,012580
2017,012580
2017,012580
2018,012580
2018,012580
2018,012580
2018,012580
2019,012580
2019,012580
2019,012580
2019,012580
2015,037060
2015,037060
2015,037060
2015,037060
2016,037060
2016,037060
2016,037060
2016,037060
2017,037060
2017,037060
2017,037060
2017,037060
2018,037060
2018,037060
2018,037060
2018,037060
2019,037060
2019,037060
2019,037060
2019,037060
2015,006750
2015,006750
2015,006750
2015,006750
2016,006750
2016,006750
2016,006750
2016,006750
2017,006750
2017,006750
2017,006750
2017,006750
2018,006750
2018,006750
2018,006750
2018,006750
2019,006750
2019,006750
2019,006750
2019,006750
2015,023440
2015,023440
2015,023440
2015,306620
2015,306620
2015,306620
2015,306620
2016,306620
2016,306620
2016,306620
2016,306620
2017,306620
2017,306620
2017,306620
2017,306620
2018,306620
2018,306620
2018,306620
2018,306620
2019,306620
2019,306620
2019,306620
2015,089890
2015,089890
2015,089890
2015,008320
2015,008320
2015,008320
2015,008320
2016,008320
2016,008320
2016,008320
2016,008320
2017,008320
2017,008320
2017,008320
2017,008320
2018,008320
2018,008320
2018,008320
2018,008320
2019,008320
2019,008320
2019,008320
2019,008320
2015,060910
2015,060910
2015,060910
2015,060910
2016,060910
2016,060910
2016,060910
2016,060910
2017,060910
2017,060910
2017,060910
2017,060910
2018,060910
2018,060910
2018,060910
2018,060910
2019,060910
2019,060910
2019,060910
2019,060910
2015,027970
2015,027970
2015,027970
2015,027830
2015,027830
2015,027830
2015,027830
2016,027830
2016,027830
2016,027830
2016,027830
2017,027830
2017,027830
2017,027830
2017,027830
2018,027830
2018,027830
2018,027830
2018,027830
2019,027830
2019,027830
2019,027830
2019,027830
2015,042340
2015,042340
2015,042340
2015,042340
2016,042340
2016,042340
2016,042340
2016,042340
2017,042340
2017,042340
2017,042340
2017,042340
2018,042340
2018,042340
2018,042340
2018,042340
2019,042340
2019,042340
2019,042340
2019,042340
2015,307930
2015,307930
2015,307930
2015,307930
2016,307930
2016,307930
2016,307930
2016,307930
2017,307930
2017,307930
2017,307930
2017,307930
2018,307930
2018,307930
2018,307930
2018,307930
2019,307930
2019,307930
2019,307930
2019,307930
2015,053320
2015,053320
2015,053320
2015,053320
2016,053320
2016,053320
2016,053320
2016,053320
2017,053320
2017,053320
2017,053320
2017,053320
2018,053320
2018,053320
2018,053320
2018,053320
2019,053320
2019,053320
2019,053320
2019,053320
2015,082930
2015,082930
2015,082930
2015,082930
2016,082930
2016,082930
2016,082930
2016,082930
2017,082930
2017,082930
2017,082930
2017,082930
2018,082930
2018,082930
2018,082930
2018,082930
2019,082930
2019,082930
2019,082930
2019,082930
2015,045660
2015,045660
2015,045660
2015,016420
2015,016420
2015,016420
2015,016420
2016,016420
2016,016420
2016,016420
2016,016420
2017,016420
2017,016420
2017,016420
2017,016420
2018,016420
2018,016420
2018,016420
2018,016420
2019,016420
2019,016420
2019,016420
2019,016420
2015,035210
2015,035210
2015,035210
2015,035210
2016,035210
2016,035210
2016,035210
2016,035210
2017,035210
2017,035210
2017,035210
2017,035210
2018,035210
2018,035210
2018,035210
2018,035210
2019,035210
2019,035210
2019,035210
2019,035210
2015,005760
2015,005760
2015,005760
2015,005760
2016,005760
2016,005760
2016,005760
2016,005760
2017,005760
2017,005760
2017,005760
2017,005760
2018,005760
2018,005760
2018,005760
2018,005760
2019,005760
2019,005760
2019,005760
2019,005760
2015,008000
2015,008000
2015,008000
2015,008000
2016,008000
2016,008000
2016,008000
2016,008000
2017,008000
2017,008000
2017,008000
2017,008000
2018,008000
2018,008000
2018,008000
2018,008000
2019,008000
2019,008000
2019,008000
2019,008000
2015,001830
2015,001830
2015,001830
2015,001830
2016,001830
2016,001830
2016,001830
2016,001830
2017,001830
2017,001830
2017,001830
2017,001830
2018,001830
2018,001830
2018,001830
2018,001830
2019,001830
2019,001830
2019,001830
2019,001830
2019,008350
2015,041320
2015,041320
2015,041320
2015,041320
2016,041320
2016,041320
2016,041320
2016,041320
2017,041320
2017,041320
2017,041320
2017,041320
2018,041320
2018,041320
2018,041320
2018,041320
2019,041320
2019,041320
2019,041320
2019,041320
2015,123260
2015,123260
2015,123260
2015,123260
2016,123260
2016,123260
2016,123260
2016,123260
2017,123260
2017,123260
2017,123260
2017,123260
2018,123260
2018,123260
2018,123260
2018,123260
2019,123260
2019,123260
2019,123260
2019,123260
2015,004820
2015,004820
2015,004820
2015,004820
2016,004820
2016,004820
2016,004820
2016,004820
2017,004820
2017,004820
2017,004820
2017,004820
2018,004820
2018,004820
2018,004820
2018,004820
2019,004820
2019,004820
2019,004820
2019,004820
2015,085990
2015,085990
2015,085990
2015,085990
2016,085990
2016,085990
2016,085990
2016,085990
2017,085990
2017,085990
2017,085990
2017,085990
2018,085990
2018,085990
2018,085990
2018,085990
2019,085990
2019,085990
2019,085990
2019,085990
2015,042960
2015,042960
2015,042960
2015,042960
2016,042960
2016,042960
2016,042960
2016,042960
2017,042960
2017,042960
2017,042960
2017,042960
2018,042960
2018,042960
2018,042960
2018,042960
2019,042960
2019,042960
2019,042960
2019,042960
2015,036840
2015,036840
2015,036840
2015,036840
2016,036840
2016,036840
2016,036840
2016,036840
2017,036840
2017,036840
2017,036840
2017,036840
2018,036840
2018,036840
2018,036840
2018,036840
2019,036840
2019,036840
2019,036840
2019,036840
2015,038920
2015,038920
2015,038920
2015,038920
2016,038920
2016,038920
2016,038920
2016,038920
2017,038920
2017,038920
2017,038920
2017,038920
2018,038920
2018,038920
2018,038920
2018,038920
2019,038920
2019,038920
2019,038920
2019,038920
2015,067250
2015,067250
2015,067250
2015,067250
2016,067250
2016,067250
2016,067250
2016,067250
2017,067250
2017,067250
2017,067250
2017,067250
2018,067250
2018,067250
2018,067250
2018,067250
2019,067250
2019,067250
2019,067250
2019,067250
2015,033030
2015,033030
2015,033030
2015,033030
2016,033030
2016,033030
2016,033030
2016,033030
2017,033030
2017,033030
2017,033030
2017,033030
2018,033030
2018,033030
2018,033030
2018,033030
2019,033030
2019,033030
2019,033030
2019,033030
2015,128660
2015,128660
2015,128660
2015,076090
2015,076090
2015,076090
2015,076090
2016,076090
2016,076090
2016,076090
2016,076090
2017,076090
2017,076090
2017,076090
2017,076090
2018,076090
2018,076090
2018,076090
2018,076090
2019,076090
2019,076090
2019,076090
2019,076090
2017,054220
2015,009330
2015,009330
2015,009330
2015,009330
2016,009330
2016,009330
2016,009330
2016,009330
2017,009330
2017,009330
2017,009330
2017,009330
2018,009330
2018,009330
2018,009330
2018,009330
2019,009330
2019,009330
2019,009330
2019,009330
2015,035500
2015,035500
2015,035500
2015,035500
2016,035500
2016,035500
2016,035500
2016,035500
2017,035500
2017,035500
2017,035500
2017,035500
2018,035500
2018,035500
2018,035500
2018,035500
2019,035500
2019,035500
2019,035500
2019,035500
2015,023430
2015,023430
2015,023430
2015,023430
2016,023430
2016,023430
2016,023430
2016,023430
2017,023430
2017,023430
2017,023430
2017,023430
2018,023430
2018,023430
2018,023430
2018,023430
2019,023430
2019,023430
2019,023430
2019,023430
2015,003470
2015,003470
2015,003470
2015,003470
2016,003470
2016,003470
2016,003470
2016,003470
2017,003470
2017,003470
2017,003470
2017,003470
2018,003470
2018,003470
2018,003470
2018,003470
2019,003470
2019,003470
2019,003470
2019,003470
2015,033020
2015,033020
2015,033020
2015,033020
2016,033020
2016,033020
2016,033020
2016,033020
2017,033020
2017,033020
2017,033020
2017,033020
2018,033020
2018,033020
2018,033020
2018,033020
2019,033020
2019,033020
2019,033020
2019,033020
2015,023130
2015,023130
2015,023130
2015,023130
2016,023130
2016,023130
2016,023130
2016,023130
2017,023130
2017,023130
2017,023130
2017,023130
2018,023130
2018,023130
2018,023130
2018,023130
2019,023130
2019,023130
2019,023130
2019,023130
2019,033600
2015,293780
2015,293780
2015,293780
2015,293780
2016,293780
2016,293780
2016,293780
2016,293780
2017,293780
2017,293780
2017,293780
2017,293780
2018,293780
2018,293780
2018,293780
2018,293780
2019,293780
2015,039060
2015,039060
2015,039060
2015,039060
2016,039060
2016,039060
2016,039060
2016,039060
2017,039060
2017,039060
2017,039060
2017,039060
2018,039060
2018,039060
2018,039060
2018,039060
2019,039060
2019,039060
2019,039060
2019,039060
2015,008980
2015,008980
2015,008980
2015,008980
2016,008980
2016,008980
2016,008980
2016,008980
2017,008980
2017,008980
2017,008980
2017,008980
2018,008980
2018,008980
2018,008980
2018,008980
2019,008980
2019,008980
2019,008980
2019,008980
2015,005280
2015,005280
2015,005280
2015,005280
2016,005280
2016,005280
2016,005280
2016,005280
2017,005280
2017,005280
2017,005280
2017,005280
2018,005280
2018,005280
2018,005280
2018,005280
2019,005280
2019,005280
2019,005280
2019,005280
2015,036840
2015,036840
2015,036840
2015,036840
2016,036840
2016,036840
2016,036840
2016,036840
2017,036840
2017,036840
2017,036840
2017,036840
2018,036840
2018,036840
2018,036840
2018,036840
2019,036840
2019,036840
2019,036840
2019,036840
2015,065650
2015,065650
2015,065650
2015,092070
2015,092070
2015,092070
2015,009690
2015,009690
2015,009690
2015,009690
2016,009690
2016,009690
2016,009690
2016,009690
2017,009690
2017,009690
2017,009690
2017,009690
2018,009690
2018,009690
2018,009690
2018,009690
2019,009690
2019,009690
2019,009690
2019,009690
2015,038720
2015,038720
2015,038720
2015,038720
2016,038720
2016,038720
2016,038720
2016,038720
2017,038720
2017,038720
2017,038720
2017,038720
2018,038720
2018,038720
2018,038720
2018,038720
2019,038720
2019,038720
2019,038720
2019,038720
2015,048470
2015,048470
2015,048470
2015,036660
2015,036660
2015,036660
2015,036660
2016,036660
2016,036660
2016,036660
2016,036660
2017,036660
2017,036660
2017,036660
2017,036660
2018,036660
2018,036660
2018,036660
2018,036660
2019,036660
2019,036660
2019,036660
2019,036660
2015,000110
2015,000110
2015,000110
2015,000110
2016,000110
2016,000110
2016,000110
2016,000110
2017,000110
2017,000110
2017,000110
2017,000110
2018,000110
2018,000110
2018,000110
2018,000110
2019,000110
2019,000110
2019,000110
2019,000110
2015,048130
2015,048130
2015,048130
2015,048130
2016,048130
2016,048130
2016,048130
2016,048130
2017,048130
2017,048130
2017,048130
2017,048130
2018,048130
2018,048130
2018,048130
2018,048130
2019,048130
2019,048130
2019,048130
2019,048130
2015,008980
2015,008980
2015,008980
2015,008980
2016,008980
2016,008980
2016,008980
2016,008980
2017,008980
2017,008980
2017,008980
2017,008980
2018,008980
2018,008980
2018,008980
2018,008980
2019,008980
2019,008980
2019,008980
2019,008980
2015,019300
2015,019300
2015,019300
2015,019300
2016,019300
2016,019300
2016,019300
2016,019300
2017,019300
2017,019300
2017,019300
2017,019300
2018,019300
2018,019300
2018,019300
2018,019300
2019,019300
2019,019300
2019,019300
2019,019300
2015,017170
2015,017170
2015,017170
2015,017170
2016,017170
2016,017170
2016,017170
2016,017170
2017,017170
2017,017170
2017,017170
2017,017170
2018,017170
2018,017170
2018,017170
2018,017170
2019,017170
2019,017170
2019,017170
2019,017170
2015,007640
2015,007640
2015,007640
2015,007640
2016,007640
2016,007640
2016,007640
2016,007640
2017,007640
2017,007640
2017,007640
2017,007640
2018,007640
2018,007640
2018,007640
2018,007640
2019,007640
2019,007640
2019,007640
2019,007640
2015,019120
2015,019120
2015,019120
2015,019120
2016,019120
2016,019120
2016,019120
2016,019120
2017,019120
2017,019120
2017,019120
2017,019120
2018,019120
2018,019120
2018,019120
2018,019120
2019,019120
2019,019120
2019,019120
2019,019120
2015,215090
2015,215090
2015,215090
2017,215090
2015,053470
2015,053470
2015,053470
2015,053470
2016,053470
2016,053470
2016,053470
2016,053470
2017,053470
2017,053470
2017,053470
2017,053470
2018,053470
2018,053470
2018,053470
2018,053470
2019,053470
2019,053470
2019,053470
2019,053470
2015,006090
2015,006090
2015,006090
2015,084680
2015,084680
2015,084680
2015,087220
2015,087220
2015,087220
2015,087220
2016,087220
2016,087220
2016,087220
2016,087220
2017,087220
2017,087220
2017,087220
2017,087220
2018,087220
2018,087220
2018,087220
2018,087220
2019,087220
2019,087220
2019,087220
2019,087220
2015,023350
2015,023350
2015,023350
2015,026870
2015,026870
2015,026870
2015,026870
2016,026870
2016,026870
2016,026870
2016,026870
2017,026870
2017,026870
2017,026870
2017,026870
2018,026870
2018,026870
2018,026870
2018,026870
2019,026870
2019,026870
2019,026870
2019,026870
2015,078020
2015,078020
2015,078020
2015,078020
2016,078020
2016,078020
2016,078020
2016,078020
2017,078020
2017,078020
2017,078020
2017,078020
2018,078020
2018,078020
2018,078020
2018,078020
2019,078020
2019,078020
2019,078020
2019,078020
2015,005870
2015,005870
2015,005870
2015,071930
2015,071930
2015,071930
2015,071930
2016,071930
2016,071930
2016,071930
2016,071930
2017,071930
2017,071930
2017,071930
2017,071930
2018,071930
2018,071930
2018,071930
2018,071930
2019,071930
2019,071930
2019,071930
2019,071930
2015,014300
2015,014300
2015,014300
2015,014300
2016,014300
2016,014300
2016,014300
2016,014300
2017,014300
2017,014300
2017,014300
2017,014300
2018,014300
2018,014300
2018,014300
2018,014300
2019,014300
2019,014300
2019,014300
2019,014300
2015,009220
2015,009220
2015,009220
2015,009220
2016,009220
2016,009220
2016,009220
2016,009220
2017,009220
2017,009220
2017,009220
2017,009220
2018,009220
2018,009220
2018,009220
2018,009220
2019,009220
2019,009220
2019,009220
2019,009220
2015,041320
2015,041320
2015,041320
2015,041320
2016,041320
2016,041320
2016,041320
2016,041320
2017,041320
2017,041320
2017,041320
2017,041320
2018,041320
2018,041320
2018,041320
2018,041320
2019,041320
2019,041320
2019,041320
2019,041320
2015,016570
2015,016570
2015,016570
2015,016570
2016,016570
2016,016570
2016,016570
2016,016570
2017,016570
2017,016570
2017,016570
2017,016570
2018,016570
2018,016570
2018,016570
2018,016570
2019,016570
2019,016570
2019,016570
2019,016570
2015,050960
2015,050960
2015,050960
2015,050960
2016,050960
2016,050960
2016,050960
2015,050600
2015,050600
2015,050600
2015,050600
2016,050600
2016,050600
2016,050600
2016,050600
2017,050600
2017,050600
2017,050600
2017,050600
2018,050600
2018,050600
2018,050600
2018,050600
2019,050600
2019,050600
2019,050600
2019,050600
2015,048640
2015,048640
2015,048640
2015,048640
2016,048640
2016,048640
2016,048640
2016,048640
2017,048640
2017,048640
2017,048640
2017,048640
2018,048640
2018,048640
2018,048640
2018,048640
2019,048640
2019,048640
2019,048640
2019,048640
2015,021880
2015,021880
2015,021880
2015,021880
2016,021880
2016,021880
2016,021880
2016,021880
2017,021880
2017,021880
2017,021880
2017,021880
2018,021880
2018,021880
2018,021880
2018,021880
2019,021880
2019,021880
2019,021880
2019,021880
2015,046210
2015,046210
2015,046210
2015,025340
2015,025340
2015,025340
2015,025340
2016,025340
2016,025340
2016,025340
2016,025340
2017,025340
2017,025340
2017,025340
2017,025340
2018,025340
2018,025340
2018,025340
2018,025340
2019,025340
2019,025340
2019,025340
2019,025340
2015,037740
2015,037740
2015,037740
2015,037740
2016,037740
2016,037740
2016,037740
2016,037740
2017,037740
2017,037740
2017,037740
2017,037740
2018,037740
2018,037740
2018,037740
2018,037740
2019,037740
2019,037740
2019,037740
2019,037740
2015,123100
2015,123100
2015,123100
2015,123100
2016,123100
2016,123100
2016,123100
2016,123100
2017,123100
2017,123100
2017,123100
2017,123100
2018,123100
2018,123100
2018,123100
2018,123100
2019,123100
2019,123100
2019,123100
2019,123100
2015,104110
2015,104110
2015,104110
2015,104110
2016,104110
2016,104110
2016,104110
2016,104110
2017,104110
2017,104110
2017,104110
2017,104110
2018,104110
2018,104110
2018,104110
2018,104110
2019,104110
2019,104110
2019,104110
2019,104110
2015,065340
2015,065340
2015,065340
2015,065340
2016,065340
2016,065340
2016,065340
2016,065340
2017,065340
2017,065340
2017,065340
2017,065340
2018,065340
2018,065340
2018,065340
2018,065340
2019,065340
2019,065340
2019,065340
2019,065340
2015,004440
2015,004440
2015,004440
2015,004440
2015,023430
2015,023430
2015,023430
2015,023430
2016,023430
2016,023430
2016,023430
2016,023430
2017,023430
2017,023430
2017,023430
2017,023430
2018,023430
2018,023430
2018,023430
2018,023430
2019,023430
2019,023430
2019,023430
2019,023430
2015,005500
2015,005500
2015,005500
2015,063280
2015,063280
2015,063280
2015,063280
2016,063280
2016,063280
2016,063280
2016,063280
2017,063280
2017,063280
2017,063280
2017,063280
2018,063280
2018,063280
2018,063280
2018,063280
2019,063280
2019,063280
2019,063280
2019,063280
2015,003600
2015,003600
2015,003600
2015,003600
2016,003600
2016,003600
2016,003600
2016,003600
2017,003600
2017,003600
2017,003600
2017,003600
2018,003600
2018,003600
2018,003600
2018,003600
2019,003600
2019,003600
2019,003600
2019,003600
2015,046210
2015,046210
2015,046210
2015,027700
2015,027700
2015,027700
2015,027700
2016,027700
2016,027700
2016,027700
2016,027700
2017,027700
2017,027700
2017,027700
2017,027700
2018,027700
2018,027700
2018,027700
2018,027700
2019,027700
2019,027700
2019,027700
2019,027700
2015,025450
2015,025450
2015,025450
2015,025450
2016,025450
2016,025450
2016,025450
2016,025450
2017,025450
2017,025450
2017,025450
2017,025450
2018,025450
2018,025450
2018,025450
2018,025450
2019,025450
2019,025450
2019,025450
2019,025450
2015,239610
2015,239610
2015,239610
2015,239610
2016,239610
2016,239610
2016,239610
2015,043340
2015,043340
2015,043340
2015,027390
2015,027390
2015,027390
2015,027390
2016,027390
2016,027390
2016,027390
2016,027390
2017,027390
2017,027390
2017,027390
2017,027390
2018,027390
2018,027390
2018,027390
2018,027390
2019,027390
2019,027390
2019,027390
2019,027390
2015,069460
2015,069460
2015,069460
2015,017160
2015,017160
2015,017160
2015,017160
2016,017160
2016,017160
2016,017160
2016,017160
2017,017160
2017,017160
2017,017160
2017,017160
2018,017160
2018,017160
2018,017160
2018,017160
2019,017160
2019,017160
2019,017160
2019,017160
2015,054010
2015,054010
2015,054010
2015,054010
2016,054010
2016,054010
2016,054010
2016,054010
2017,054010
2017,054010
2017,054010
2017,054010
2018,054010
2018,054010
2018,054010
2018,054010
2019,054010
2019,054010
2019,054010
2019,054010
2015,016170
2015,016170
2015,016170
2015,016170
2016,016170
2016,016170
2016,016170
2016,016170
2017,016170
2017,016170
2017,016170
2017,016170
2018,016170
2018,016170
2018,016170
2018,016170
2019,016170
2019,016170
2019,016170
2019,016170
2015,033030
2015,033030
2015,033030
2015,033030
2016,033030
2016,033030
2016,033030
2016,033030
2017,033030
2017,033030
2017,033030
2017,033030
2018,033030
2018,033030
2018,033030
2018,033030
2019,033030
2019,033030
2019,033030
2019,033030
2015,037320
2015,037320
2015,037320
2015,037320
2016,037320
2016,037320
2016,037320
2016,037320
2017,037320
2017,037320
2017,037320
2017,037320
2018,037320
2018,037320
2018,037320
2018,037320
2019,037320
2019,037320
2019,037320
2019,037320
2015,030210
2015,030210
2015,030210
2015,030210
2016,030210
2016,030210
2016,030210
2016,030210
2017,030210
2017,030210
2017,030210
2017,030210
2018,030210
2018,030210
2018,030210
2018,030210
2019,030210
2019,030210
2019,030210
2019,030210
2019,053700
2015,031150
2015,031150
2015,031150
2015,031150
2016,031150
2016,031150
2016,031150
2016,031150
2017,031150
2017,031150
2017,031150
2017,031150
2018,031150
2018,031150
2018,031150
2018,031150
2019,031150
2019,031150
2019,031150
2019,031150
2015,007830
2015,007830
2015,007830
2015,007830
2016,007830
2016,007830
2016,007830
2016,007830
2017,007830
2017,007830
2017,007830
2017,007830
2018,007830
2018,007830
2018,007830
2018,007830
2019,007830
2019,007830
2019,007830
2019,007830
2015,001290
2015,001290
2015,001290
2015,001290
2016,001290
2016,001290
2016,001290
2016,001290
2017,001290
2017,001290
2017,001290
2017,001290
2018,001290
2018,001290
2018,001290
2018,001290
2019,001290
2019,001290
2019,001290
2019,001290
2015,009360
2015,009360
2015,009360
2015,009360
2016,009360
2016,009360
2016,009360
2016,009360
2017,009360
2017,009360
2017,009360
2017,009360
2018,009360
2018,009360
2018,009360
2018,009360
2019,009360
2019,009360
2019,009360
2019,009360
2015,000420
2015,000420
2015,000420
2015,000420
2016,000420
2016,000420
2016,000420
2016,000420
2017,000420
2017,000420
2017,000420
2017,000420
2018,000420
2018,000420
2018,000420
2018,000420
2019,000420
2019,000420
2019,000420
2019,000420
2015,252500
2015,252500
2015,252500
2015,252500
2016,252500
2016,252500
2016,252500
2016,252500
2017,252500
2017,252500
2015,042340
2015,042340
2015,042340
2015,042340
2016,042340
2016,042340
2016,042340
2016,042340
2017,042340
2017,042340
2017,042340
2017,042340
2018,042340
2018,042340
2018,042340
2018,042340
2019,042340
2019,042340
2019,042340
2019,042340
2015,013720
2015,013720
2015,013720
2015,055250
2015,055250
2015,055250
2015,055250
2016,055250
2016,055250
2016,055250
2016,055250
2017,055250
2017,055250
2017,055250
2017,055250
2018,055250
2018,055250
2018,055250
2018,055250
2019,055250
2019,055250
2019,055250
2019,055250
2015,009450
2015,009450
2015,009450
2015,045890
2015,045890
2015,045890
2015,058690
2015,058690
2015,058690
2015,058690
2016,058690
2016,058690
2016,058690
2016,058690
2017,058690
2017,058690
2017,058690
2017,058690
2018,058690
2018,058690
2018,058690
2018,058690
2019,058690
2019,058690
2019,058690
2019,058690
2015,263920
2015,263920
2015,263920
2015,263920
2016,263920
2016,263920
2016,263920
2016,263920
2017,263920
2017,263920
2015,036190
2015,036190
2015,036190
2015,054300
2015,054300
2015,054300
2015,118000
2015,118000
2015,118000
2015,101490
2015,101490
2015,101490
2015,092730
2015,092730
2015,092730
2015,046430
2015,046430
2015,046430
2015,046430
2016,046430
2016,046430
2016,046430
2016,046430
2017,046430
2017,046430
2017,046430
2017,046430
2018,046430
2018,046430
2018,046430
2018,046430
2019,046430
2019,046430
2019,046430
2019,046430
2015,001680
2015,001680
2015,001680
2015,085660
2015,085660
2015,085660
2015,095700
2015,095700
2015,095700
2015,100030
2015,100030
2015,100030
2015,129260
2015,129260
2015,129260
2015,036490
2015,036490
2015,036490
2015,049120
2015,049120
2015,049120
2015,214870
2015,214870
2015,214870
2015,138250
2015,138250
2015,138250
2015,140860
2015,140860
2015,140860
2015,002880
2015,002880
2015,002880
2015,021820
2015,021820
2015,021820
2016,021820
2017,021820
2018,021820
2015,060980
2015,060980
2015,060980
2015,071050
2015,071050
2015,071050
2015,071050
2016,071050
2016,071050
2016,071050
2016,071050
2017,071050
2017,071050
2017,071050
2017,071050
2018,071050
2018,071050
2018,071050
2018,071050
2019,071050
2019,071050
2019,071050
2019,071050
2015,000060
2015,000060
2015,000060
2015,000060
2016,000060
2016,000060
2016,000060
2016,000060
2017,000060
2017,000060
2017,000060
2017,000060
2018,000060
2018,000060
2018,000060
2018,000060
2019,000060
2019,000060
2019,000060
2019,000060
2015,005750
2015,005750
2015,005750
2015,003020
2015,003020
2015,003020
2015,003020
2016,003020
2016,003020
2016,003020
2016,003020
2017,003020
2017,003020
2017,003020
2017,003020
2018,003020
2018,003020
2018,003020
2018,003020
2019,003020
2019,003020
2019,003020
2019,003020
2015,071840
2015,071840
2015,071840
2015,040420
2015,040420
2015,040420
2015,074000
2015,074000
2015,074000
2015,074000
2016,074000
2016,074000
2016,074000
2016,074000
2017,074000
2017,074000
2017,074000
2017,074000
2018,074000
2018,074000
2018,074000
2018,074000
2019,074000
2019,074000
2019,074000
2019,074000
2015,053050
2015,053050
2015,053050
2015,109960
2015,109960
2015,109960
2015,289010
2015,289010
2015,289010
2015,289010
2016,289010
2016,289010
2016,289010
2016,289010
2017,289010
2017,289010
2017,289010
2017,289010
2018,289010
2018,289010
2018,289010
2018,289010
2019,289010
2019,289010
2015,030420
2015,030420
2015,030420
2015,030420
2016,030420
2016,030420
2016,030420
2016,030420
2017,030420
2017,030420
2017,030420
2017,030420
2018,030420
2018,030420
2018,030420
2018,030420
2019,030420
2019,030420
2019,030420
2019,030420
2015,014940
2015,014940
2015,014940
2015,033250
2015,033250
2015,033250
2016,033250
2017,033250
2018,033250
2015,035210
2015,035210
2015,035210
2015,035210
2016,035210
2016,035210
2016,035210
2016,035210
2017,035210
2017,035210
2017,035210
2017,035210
2018,035210
2018,035210
2018,035210
2018,035210
2019,035210
2019,035210
2019,035210
2019,035210
2015,095660
2015,095660
2015,095660
2015,226350
2015,226350
2015,226350
2015,226350
2015,259630
2015,259630
2015,259630
2015,259630
2016,259630
2016,259630
2016,259630
2016,259630
2017,259630
2017,259630
2015,020560
2015,020560
2015,020560
2015,025930
2015,025930
2015,025930
2015,025930
2016,025930
2016,025930
2016,025930
2016,025930
2017,025930
2017,025930
2017,025930
2017,025930
2018,025930
2018,025930
2018,025930
2018,025930
2019,025930
2019,025930
2019,025930
2019,025930
2015,036530
2015,036530
2015,036530
2015,001790
2015,001790
2015,001790
2015,099520
2015,099520
2015,099520
2015,067280
2015,067280
2015,067280
2015,058650
2015,058650
2015,058650
2015,017210
2015,017210
2015,017210
2015,017210
2016,017210
2016,017210
2016,017210
2016,017210
2017,017210
2017,017210
2017,017210
2017,017210
2018,017210
2018,017210
2018,017210
2018,017210
2019,017210
2019,017210
2019,017210
2019,017210
2015,035000
2015,035000
2015,035000
2015,003110
2015,003110
2015,003110
2015,003110
2016,003110
2016,003110
2016,003110
2016,003110
2017,003110
2017,003110
2017,003110
2017,003110
2018,003110
2018,003110
2018,003110
2018,003110
2019,003110
2019,003110
2019,003110
2019,003110
2015,038340
2015,038340
2015,038340
2015,068420
2015,068420
2015,068420
2015,068420
2016,068420
2016,068420
2016,068420
2016,068420
2017,068420
2017,068420
2017,068420
2017,068420
2018,068420
2018,068420
2018,068420
2018,068420
2019,068420
2019,068420
2019,068420
2019,068420
2015,264450
2015,264450
2015,264450
2015,264450
2016,264450
2016,264450
2016,264450
2016,264450
2015,045390
2015,045390
2015,045390
2015,200230
2015,200230
2015,200230
2015,115440
2015,115440
2015,115440
2015,047770
2015,047770
2015,047770
2015,152330
2015,152330
2015,152330
2015,005990
2015,005990
2015,005990
2015,001310
2015,001310
2015,001310
2015,001310
2016,001310
2016,001310
2016,001310
2016,001310
2017,001310
2017,001310
2017,001310
2017,001310
2018,001310
2018,001310
2018,001310
2018,001310
2019,001310
2019,001310
2019,001310
2019,001310
2015,038420
2015,038420
2015,038420
2015,038420
2016,038420
2016,038420
2016,038420
2016,038420
2017,038420
2017,038420
2017,038420
2017,038420
2018,038420
2018,038420
2018,038420
2018,038420
2019,038420
2019,038420
2019,038420
2019,038420
2015,021880
2015,021880
2015,021880
2015,021880
2016,021880
2016,021880
2016,021880
2016,021880
2017,021880
2017,021880
2017,021880
2017,021880
2018,021880
2018,021880
2018,021880
2018,021880
2019,021880
2019,021880
2019,021880
2019,021880
2015,002310
2015,002310
2015,002310
2015,204630
2015,204630
2015,204630
2015,016170
2015,016170
2015,016170
2015,016170
2016,016170
2016,016170
2016,016170
2016,016170
2017,016170
2017,016170
2017,016170
2017,016170
2018,016170
2018,016170
2018,016170
2018,016170
2019,016170
2019,016170
2019,016170
2019,016170
2015,083930
2015,083930
2015,083930
2015,234340
2015,234340
2015,234340
2015,234340
2016,234340
2016,234340
2016,234340
2016,234340
2017,234340
2017,234340
2017,234340
2017,234340
2018,234340
2018,234340
2018,234340
2018,234340
2019,234340
2019,234340
2015,068050
2015,068050
2015,068050
2015,054780
2015,054780
2015,054780
2015,045340
2015,045340
2015,045340
2015,138070
2015,138070
2015,138070
2015,101170
2015,101170
2015,101170
2015,078150
2015,078150
2015,078150
2015,001250
2015,001250
2015,001250
2015,053950
2015,053950
2015,053950
2015,065160
2015,065160
2015,065160
2015,065160
2016,065160
2016,065160
2016,065160
2016,065160
2017,065160
2017,065160
2017,065160
2017,065160
2018,065160
2018,065160
2018,065160
2018,065160
2019,065160
2019,065160
2019,065160
2019,065160
2015,033070
2015,033070
2015,033070
2015,033070
2016,033070
2016,033070
2016,033070
2016,033070
2017,033070
2017,033070
2017,033070
2017,033070
2018,033070
2018,033070
2018,033070
2018,033070
2019,033070
2019,033070
2019,033070
2019,033070
2015,020070
2015,020070
2015,020070
2015,020070
2016,020070
2016,020070
2016,020070
2016,020070
2017,020070
2017,020070
2017,020070
2017,020070
2018,020070
2018,020070
2018,020070
2018,020070
2019,020070
2019,020070
2019,020070
2019,020070
2015,055250
2015,055250
2015,055250
2015,055250
2016,055250
2016,055250
2016,055250
2016,055250
2017,055250
2017,055250
2017,055250
2017,055250
2018,055250
2018,055250
2018,055250
2018,055250
2019,055250
2019,055250
2019,055250
2019,055250
2015,004840
2015,004840
2015,004840
2015,003350
2015,003350
2015,003350
2015,009730
2015,009730
2015,009730
